
0.10157004102314687, 0.06349730031369459, 0.03843659507721283, 0.03157614925192455, 0.03156295246138401, 0.04621138996138125, 0.06056949806948665, 0.0511884652509556, 0.03308246862933739, 0.03506952823358412, 0.04341744087837019, 0.06112187801639774, 0.11433322273163868, 0.28836307010129697, abertos
0.09526008988897817, 0.06107474662161011, 0.03814249517373798, 0.03295804174709804, 0.03504879041987756, 0.05113944860037646, 0.06287893641408081, 0.056233409749024146, 0.0362760919401476, 0.03782577220076507, 0.04541015624999144, 0.0571515293194873, 0.11768709278472685, 0.27291339888990995, abertos
0.10949000060326121, 0.06829527630307593, 0.03831028293918197, 0.028177033059840248, 0.025650790299222962, 0.03884758083976102, 0.05550193050192004, 0.04711631274130386, 0.030052862572388157, 0.03292033663126793, 0.04411687077701871, 0.06516763694496841, 0.11939136402024776, 0.29696172176635327, abertos
0.09407426399612126, 0.06374992458975633, 0.03883061353763747, 0.02707792893339258, 0.02480619570462853, 0.031919265805978536, 0.04002775096524342, 0.042099647080107896, 0.029837943412156537, 0.04296497948840889, 0.05268535834941092, 0.06507902992276765, 0.16234314671811612, 0.28450395149608537, abertos
0.10105159568048289, 0.06660231660230405, 0.03665125784265718, 0.02693653474902967, 0.024723244449802288, 0.036805848817560625, 0.050475838561766545, 0.04308186534748223, 0.02859367458976295, 0.03636658421813986, 0.04564958373551263, 0.06610460907334662, 0.14204082709939408, 0.2949162192325699, abertos
0.11327370897681262, 0.06766937138029612, 0.038843810328178005, 0.028780314913121986, 0.027045879584936986, 0.03778995234072647, 0.047240739623543214, 0.04021627654439396, 0.02602407094594104, 0.03020368303570859, 0.043451375482617294, 0.06543345801157067, 0.12675140263028498, 0.3072759562016795, abertos
0.11335666023163886, 0.0683933096042342, 0.03927176339284974, 0.029234661558874796, 0.02534160834941607, 0.034030752292464626, 0.04605114321910329, 0.037493967181460114, 0.026570795125477616, 0.032219021476827904, 0.045753272804045425, 0.06581239442566326, 0.12618205538125035, 0.3102885949565052, abertos
0.09417418255307104, 0.06059023588319321, 0.037929461269297866, 0.025124803933392947, 0.02315282637547826, 0.028612527147678004, 0.03445870535713636, 0.04080070583976065, 0.030486471404434407, 0.04538753318049337, 0.05378634773165009, 0.06500927545848195, 0.19254117398645018, 0.2679457498792931, abertos
0.10815335424708386, 0.06650051278956275, 0.04059144244690355, 0.031783527388990145, 0.02987753378377815, 0.03851012005308154, 0.047779922779913775, 0.040016439430494384, 0.02950613839285158, 0.033753619691113325, 0.04528195885616907, 0.06289590371620436, 0.12444762005306534, 0.30090190637059966, abertos
0.09671362210422887, 0.06015285653956395, 0.0380783964768268, 0.031172704512542386, 0.0315233620897624, 0.049861245173735774, 0.06578411558879069, 0.05466676218628313, 0.032130414454627144, 0.036364698962348355, 0.04240694377412328, 0.05990023226350222, 0.1247454904681232, 0.2764991554053533, abertos
0.10918270390924582, 0.065371244570451, 0.039232173021228126, 0.030230076616789666, 0.028780314913121986, 0.04053865528474139, 0.05331503378377373, 0.04419039575288742, 0.03017540419883601, 0.0329109103523104, 0.04419416626447043, 0.06283557553087618, 0.12160465431947515, 0.2974386914816042, abertos
0.10370226532333952, 0.06556731117276757, 0.04031242458976074, 0.0332238628137003, 0.031151966698835826, 0.039935373431459656, 0.04872255067566649, 0.04408482142856312, 0.03250935086871974, 0.03740158964767635, 0.047397215854238166, 0.06338607022199577, 0.11812447212835611, 0.2944807251447321, abertos
0.09132179054052332, 0.0569102165781746, 0.03636658421813986, 0.033248371138989874, 0.03928873069497329, 0.061093599179525164, 0.08135255791504258, 0.06355197273164825, 0.03817831503377658, 0.035571006274124566, 0.041722595921806806, 0.054210530284738816, 0.10684310147198758, 0.2603406280163602, abertos
0.111671241554033, 0.07184144244689765, 0.04037086751929741, 0.028141213199801646, 0.02346389358107666, 0.02918753016408716, 0.03904176218628608, 0.03128770511582422, 0.023324384652505255, 0.03137631213802497, 0.046283029681458455, 0.06759961691601042, 0.1424009109555716, 0.3140100898889369, abertos
0.114964783421793, 0.0687345409024967, 0.04071775458493441, 0.028974496259647046, 0.02471381817084476, 0.029504253137060076, 0.04145111908783002, 0.03255836751929888, 0.025100295608103375, 0.031566722972967025, 0.04562319015443155, 0.06725650036195643, 0.13066707890924179, 0.3181670789092064, abertos
0.10152102437256773, 0.06582747647199531, 0.036803963561769126, 0.02976253318049632, 0.029234661558874796, 0.04704278776543515, 0.06556354066118456, 0.04922591397199844, 0.02987376327219514, 0.03313525579149954, 0.041428496018331956, 0.06184204572875282, 0.11540027750963075, 0.29333826013507985, abertos
0.1101102497586665, 0.0673884682673618, 0.042668994329142534, 0.03228500542953059, 0.028578592543430904, 0.03507518400095864, 0.04435818351833141, 0.03544846464767672, 0.02796588441119164, 0.03398173564188549, 0.04736705176157408, 0.06553337656852046, 0.12476811353762127, 0.3044706955839194, abertos
0.11443125603279695, 0.06685305562257426, 0.039284960183390276, 0.028446624638025525, 0.025918496621616736, 0.03562567869207823, 0.04749336389960494, 0.03875143279439424, 0.026361531732620513, 0.030840899493237428, 0.04503121983589885, 0.06507902992276765, 0.12690410834939692, 0.3089783421814089, abertos
0.08633340371619994, 0.06046203848937084, 0.041108002533776035, 0.03614223877895072, 0.037723968388023776, 0.05383159387064622, 0.0701560237692918, 0.05977580538126286, 0.0413738236003783, 0.04215620475385306, 0.04764795487450839, 0.05913670366794252, 0.10454685991793396, 0.25960537825767305, abertos
0.11550962234553806, 0.06928503559361628, 0.03988824203667202, 0.02960982746138438, 0.024796769425671, 0.02964187680983997, 0.03604420547779243, 0.03236795668435683, 0.02541701858107629, 0.03214361124516769, 0.04610204512547393, 0.06662871018338512, 0.1311968357866548, 0.32136824324318264, abertos
0.0990796181225682, 0.06442107565153225, 0.041434151785706475, 0.034494525217174964, 0.03369329150578516, 0.0388419250723865, 0.04476916928087959, 0.041796120897675516, 0.03339165057914428, 0.03728658904439452, 0.047497134411187955, 0.05990777328666824, 0.1362945674468855, 0.28709240769782235, abertos
0.09975265444013563, 0.062364261582999826, 0.040934559000957535, 0.03179483892373918, 0.03144983711389369, 0.04457875844593754, 0.06052048141890751, 0.04903173262547338, 0.032007872828179296, 0.03712822755790806, 0.04477859555983712, 0.06356705477798029, 0.12495852437256331, 0.2771326013512991, abertos
0.1017849601833785, 0.06296565818049006, 0.039516846645745445, 0.029347776906365124, 0.02910646416505243, 0.04234850084458661, 0.056218327702692104, 0.048977060207519726, 0.031248114744202603, 0.036100763151537596, 0.04607565154439286, 0.06380271175191847, 0.1333479126447625, 0.27915925132716746, abertos
0.10945795125480562, 0.0693981509411066, 0.03921520571910458, 0.027999819015438736, 0.024936278354242402, 0.03710560448840999, 0.053842905405395255, 0.041733907456555835, 0.02623521959458965, 0.03175901906370058, 0.04518204029921928, 0.06699444980693718, 0.12209670608105806, 0.3040427425192477, abertos
0.10187168194978774, 0.06229827763029713, 0.039569633807907595, 0.032865664213314265, 0.034720755912155614, 0.04454293858589894, 0.05815448540056819, 0.046671392374508576, 0.034330507963313994, 0.036291173986479644, 0.045274417833003046, 0.05960990287161038, 0.11719504102314393, 0.2866041264478224, abertos
0.0820557583252741, 0.04955017796813738, 0.046362210424701684, 0.04674680260616879, 0.05028354247103299, 0.062369917350374345, 0.07551203547295873, 0.06220967060809638, 0.04800992398647744, 0.04817771175192142, 0.04880927244207574, 0.05130346585423743, 0.10256168556947873, 0.2260478251688763, abertos
0.07483145813222528, 0.050370264237442244, 0.04101185448840926, 0.041360626809837764, 0.05068510195462365, 0.07012774493241922, 0.08286641831562144, 0.06829150579149292, 0.04639048926157426, 0.04650171935327309, 0.04794582528956625, 0.051248793436283774, 0.10431120294399578, 0.22405699505304658, abertos
0.09948871862932487, 0.0641929597007601, 0.043539982504818046, 0.0341966548021171, 0.031766560086866596, 0.04401506696427741, 0.06381967905404203, 0.04576458433879446, 0.030575078426635163, 0.03258287584458845, 0.043524900458486004, 0.06388943351832772, 0.11744012427603963, 0.2852033813947339, abertos
0.10474104126445902, 0.06369525217180266, 0.039437665902502216, 0.030667455960418928, 0.03098983470076636, 0.04630753800674803, 0.06371787524130072, 0.049881982987442335, 0.03153844413609444, 0.03317861667470417, 0.04336088320462503, 0.06205319437740143, 0.1136092845077006, 0.2868209308638455, abertos
0.1065716246380108, 0.0691888875482495, 0.040483982866787734, 0.02938171151061222, 0.027356946790535384, 0.03939996078667211, 0.05528701134168842, 0.04177161257238595, 0.026740468146713107, 0.029719172297291693, 0.04232022200771403, 0.0672828939430375, 0.12094670004823975, 0.3035488055018733, abertos
0.1032083283059651, 0.06584821428570187, 0.04246161619207694, 0.03200033180501327, 0.0286464617519251, 0.03934905888030146, 0.05417282516890871, 0.042263664333968866, 0.028037524131268844, 0.032433940637059525, 0.04520277811292584, 0.06538444136099153, 0.1270323057432193, 0.2939585092904851, abertos
0.09010768581079383, 0.06433058337354, 0.03679265202702009, 0.028942446911191456, 0.028374984917948317, 0.0410948057432355, 0.05561316059361886, 0.05035895270269321, 0.0329825500723876, 0.041354971042463246, 0.04757820041022269, 0.06390074505307676, 0.1414337747345293, 0.2771344866070906, abertos
0.11708758144302812, 0.06975069377411812, 0.039963652268332234, 0.028090311293430998, 0.023460123069493646, 0.02962113899613341, 0.03619502594111287, 0.03375927545848784, 0.025166279560806068, 0.032354759893816296, 0.04679393400095643, 0.06673051399612641, 0.13138913187738835, 0.3196375784265807, abertos
0.1007480694980505, 0.0870139810569334, 0.029462777509646956, 0.021923639599416716, 0.02223659206080662, 0.039946684966208686, 0.08101698238415461, 0.04390195161678709, 0.021201586631270135, 0.024295291385130556, 0.03029040480211784, 0.08093214587353686, 0.11566609857623301, 0.30136379403951846, abertos
0.09306942265924886, 0.0609333524372472, 0.0394301248793362, 0.03310509169883546, 0.03365747164574655, 0.0472690184604158, 0.06442107565153225, 0.0528173262548163, 0.03567846585424038, 0.03795962536196196, 0.043677606177597944, 0.061934423262536585, 0.12957928631754315, 0.26646770933875286, abertos
0.09900797840249098, 0.06224360521234348, 0.03650797840250277, 0.03032433940636494, 0.03219074263995532, 0.051284613296322376, 0.06697559724902212, 0.05632767253859942, 0.034047719594588174, 0.034503951496132494, 0.04187907215250176, 0.05904055562257574, 0.11250829512546141, 0.28315787886095045, abertos
0.10503514116793386, 0.07009381032817211, 0.04019176821910439, 0.02849941180018768, 0.024770375844589923, 0.028648347007716606, 0.03595748371138318, 0.03449075470559195, 0.02744932432431915, 0.03751281973937517, 0.05251568532817543, 0.06767125663608763, 0.14336050615344786, 0.3038033150337265, abertos
0.0821575621380154, 0.052368635376438, 0.04252194437740511, 0.038659055260610475, 0.04288956925674867, 0.06325033180500739, 0.08577159749033132, 0.0700881545607976, 0.046156717543427594, 0.04467490649130432, 0.04840394244690207, 0.052351668074314454, 0.09715854247102415, 0.23354737270748493, abertos
0.11080779440152351, 0.07241833071909831, 0.04073283663126645, 0.028799167471037043, 0.025839315878373507, 0.03335960123068869, 0.04347022804053235, 0.03606117277991598, 0.026078743363894697, 0.031040736607137007, 0.04469941481659389, 0.06992790781851964, 0.12521114864862504, 0.31155360159260537, abertos
0.10243914394303089, 0.0696036438223807, 0.03834610279922057, 0.028431542591693483, 0.02706473214285204, 0.04125316722972195, 0.06668338260133878, 0.04485023527991432, 0.02773776846041948, 0.03133860702219486, 0.04225423805501134, 0.06741486184844289, 0.11437092784746879, 0.2982116463561214, abertos
0.07988205839766833, 0.05377880670848407, 0.039475371018332324, 0.03365747164574655, 0.038276348334934866, 0.06419673021234311, 0.08762291867758966, 0.07334776182431049, 0.044218674589760004, 0.04340612934362116, 0.04714270632238494, 0.05424446488898591, 0.10797425494689084, 0.2327763030887592, abertos
0.08186534749033206, 0.0546554506515341, 0.04089496862933592, 0.03456616493725217, 0.03759011522682689, 0.053537493967171376, 0.06735830417469772, 0.06457189611485269, 0.044859661558871854, 0.04764795487450839, 0.05232715974902488, 0.05502307553087766, 0.12004743303569165, 0.2450549740588341, abertos
0.10676769124032737, 0.06522042410713057, 0.04301776665057104, 0.03266394184362319, 0.029758762668913308, 0.03968274915539793, 0.05029673926157353, 0.04091570644304248, 0.02893490588802543, 0.032139840733584675, 0.04475785774613056, 0.06528640805983325, 0.12510934483588376, 0.2954478613657744, abertos
0.09667591698839877, 0.0798009923986336, 0.03351984797296665, 0.026244645873547176, 0.02653686052123052, 0.03843282456562982, 0.07212046030404046, 0.0428650609314591, 0.026748009169879128, 0.029738024855206747, 0.03885700711871854, 0.0775801610762402, 0.12566926580596086, 0.2852109224178999, abertos
0.1035533301158106, 0.07519154198840282, 0.03661166747103557, 0.02787162162161637, 0.02704965009652, 0.03808970801157583, 0.05987949444979566, 0.04167546452701917, 0.029847369691114064, 0.0338139478764415, 0.04331940757721191, 0.06876093448357777, 0.11164673322874342, 0.3026891288609468, abertos
0.11587347671329862, 0.06979971042469726, 0.040508491192077306, 0.029393023045361254, 0.02468930984555519, 0.029479744811770504, 0.0405066059362858, 0.03180992097007122, 0.02424815999034292, 0.030358274010612037, 0.04537810690153585, 0.06779002775095247, 0.13105921211387492, 0.31910593629337614, abertos
0.12005120354727467, 0.06962438163608727, 0.038855121862927035, 0.026244645873547176, 0.02323954814188751, 0.0304148316843572, 0.04274817507238576, 0.03395534206080441, 0.024604473334937448, 0.029004660352311133, 0.04361162222489525, 0.06812748853763194, 0.13000158361484035, 0.3195169220559243, abertos
0.0929449957770095, 0.058588094232614435, 0.03670404500481934, 0.02882556105211812, 0.02714391288609527, 0.04329112874033933, 0.0612802395028842, 0.04639614502894878, 0.02913851351350802, 0.03360845499516741, 0.03887208916505059, 0.0590594081804908, 0.1750290329391562, 0.2691183789816095, abertos
0.10994811776059703, 0.06541272019786412, 0.039628076737444264, 0.03021687982624913, 0.02827129584941552, 0.039149221766401884, 0.05121862934361969, 0.04417531370655538, 0.03070327582045753, 0.03457936172779271, 0.04521597490346638, 0.0630109043194862, 0.1188861154681243, 0.29958411257233736, abertos
0.09358598274612136, 0.06075425313705418, 0.0389097942808807, 0.03247353100868114, 0.03500165902508993, 0.05013649251929557, 0.061493273407324314, 0.055518897804043586, 0.03617805863898932, 0.03803315033783067, 0.047323690878369455, 0.05787546754342538, 0.12066579693530544, 0.27204995173740043, abertos
0.07167365468145367, 0.050722807070453756, 0.036364698962348355, 0.03025835545366225, 0.033700832528951175, 0.04894501085906413, 0.06225303149130101, 0.06460017495172528, 0.04206194196427778, 0.05337724722489341, 0.05364683880307869, 0.0562843116553948, 0.1719089346042147, 0.2242021597489925, abertos
0.1076141710907133, 0.06727723817566299, 0.04032750663609278, 0.02859367458976295, 0.02674235340250461, 0.03500165902508993, 0.04350604790057095, 0.04024832589284955, 0.028474903474898106, 0.03501485581563046, 0.04828894184362024, 0.06552583554535445, 0.13401906370653843, 0.2993654229005227, abertos
0.10740867820943921, 0.07353440214766953, 0.03561059664574618, 0.025826119087832968, 0.02441783301157841, 0.03637223998551438, 0.05531906069014401, 0.0438359676640844, 0.03046384833493634, 0.03308812439671191, 0.042159975265436064, 0.0670698600385974, 0.11698577763028682, 0.3079075168918338, abertos
0.11039869389476684, 0.06924544522199466, 0.03786347731659518, 0.027464406370651194, 0.024410291988412387, 0.036711586027985355, 0.05556037343145671, 0.04183194075771412, 0.026022185690149535, 0.03067876749516796, 0.0424823540057835, 0.06495271778473678, 0.12158014599418557, 0.31079761402021167, abertos
0.10995942929534606, 0.07176037644786291, 0.038249954753853795, 0.027042109073353974, 0.024843900820458637, 0.036179943894780825, 0.05140149915539571, 0.044322363658292806, 0.0308314732142799, 0.03518452883686595, 0.04483703848937379, 0.06621772442083694, 0.1132322333493995, 0.3059374245897107, abertos
0.08879931829148906, 0.05508717422778884, 0.04602474963802221, 0.0433853915299146, 0.04610015986968243, 0.05914047417952553, 0.07621335062739876, 0.06005105272682266, 0.04462211932914217, 0.044350642495165384, 0.048846977557905846, 0.055598078547286815, 0.09120301942565848, 0.2405774915540087, abertos
0.08776619811774407, 0.05876907878859896, 0.03803692084941368, 0.033436896718140416, 0.03805765866312024, 0.05922154017856027, 0.07313284266407888, 0.06463222430018087, 0.03948668255308136, 0.037661754946904095, 0.0442884290540457, 0.056056195704622634, 0.10861147140441968, 0.2608421060569006, abertos
0.08661996259650877, 0.053984299589758165, 0.04083841095559076, 0.03462272261099733, 0.032980664816596096, 0.0431421935328104, 0.05344700168917911, 0.0470616403233502, 0.03443985279922131, 0.0382518400096453, 0.042800962234547914, 0.05919326134168768, 0.19189641650575534, 0.2407207709941631, abertos
0.10732761221040447, 0.06806338984072076, 0.03888717121138263, 0.028763347610998437, 0.024857097610999176, 0.036741750120649445, 0.04669401544400664, 0.04103636281369883, 0.02518136160713811, 0.031830658783777784, 0.0440791656611886, 0.06716789333975567, 0.12691164937256294, 0.31245852437252797, abertos
0.09253778052604433, 0.06598960847006478, 0.035785925434356186, 0.028201541385129817, 0.028654002775091125, 0.0569818562982518, 0.08307191119689554, 0.06194762005307712, 0.029406219835901793, 0.031568608228758524, 0.03996553752412374, 0.06434566541987204, 0.10107798926156396, 0.2804657335906807, abertos
0.10592875241310744, 0.06251885255790327, 0.038249954753853795, 0.029029168677600706, 0.02685735400578644, 0.037158391650572144, 0.046597867398639865, 0.04133234797296518, 0.028776544401538977, 0.0341947695463256, 0.043047930743235124, 0.060505399372575465, 0.15514901061773137, 0.2906536558879761, abertos
0.08586586027990659, 0.05522102738898573, 0.03809913429053336, 0.03559928511099715, 0.04134743001929722, 0.06214557191118519, 0.08568299046813056, 0.0675562560328058, 0.04313842302122739, 0.03969783120172997, 0.04337030948358256, 0.05344700168917911, 0.09824067929534827, 0.25058819980690256, abertos
0.1130210847007509, 0.06868929476350057, 0.038660940516401975, 0.02855219896234983, 0.02560177364864382, 0.03456239442566916, 0.04933714406369726, 0.03820093810327465, 0.02687055079632698, 0.03198902027026424, 0.04405277208010752, 0.06550321247585637, 0.12321277750962928, 0.31174589768333894, abertos
0.09698132842662265, 0.06327672538608846, 0.04201858108107316, 0.029824746621615997, 0.02682907516891386, 0.03498469172296638, 0.04454670909748195, 0.04182062922296509, 0.027890474179531423, 0.037703230574317216, 0.049146733228755214, 0.06685305562257426, 0.15507171513027965, 0.28305230453662616, abertos
0.1043884984314475, 0.06490747164574066, 0.040976034628370656, 0.03305607504825631, 0.0307956533542413, 0.04015029259169127, 0.051799288127403365, 0.04270481418918114, 0.031116146838797223, 0.035418300555012626, 0.04630565275095652, 0.06316172478280663, 0.12007759712835574, 0.2951424499275505, abertos
0.09441549529438374, 0.061514011221030875, 0.04275760135134329, 0.031119917350380232, 0.028921709097484895, 0.03618937017373835, 0.0446353161196827, 0.042469157215242956, 0.03220770994207887, 0.04153972611003078, 0.0516390413851254, 0.06563706563705327, 0.15317137729244218, 0.27378250180979397, abertos
0.09881568231175743, 0.06768256817083666, 0.03787855936292722, 0.025516937138026077, 0.022098968388026722, 0.026178661920844486, 0.03326533844111342, 0.03647781430983868, 0.02661038549709923, 0.04094021476833205, 0.05135625301639959, 0.06925487150095219, 0.1652106207769959, 0.2987131243966618, abertos
0.11176927485519128, 0.0706461902750832, 0.039952340733583204, 0.02862572393821854, 0.024415947755786902, 0.030322454150573434, 0.039531928692077486, 0.03512797116312079, 0.025893988296327164, 0.03308246862933739, 0.047959022080106786, 0.06893437801639626, 0.13041256937738854, 0.31332574203662045, abertos
0.10493899312256709, 0.06458886341697624, 0.03978832347972223, 0.030682538006750974, 0.0290970378860949, 0.04074226291022398, 0.0596834278474791, 0.046482866795358034, 0.03157426399613304, 0.03459444377412475, 0.04537245113416133, 0.061987210424698735, 0.12089014237449458, 0.28957717483102646, abertos
0.0951639418436114, 0.08365445523647072, 0.030013272200766543, 0.02300954693532385, 0.02414447092181012, 0.0422071066602237, 0.08535307070461712, 0.046120897683388985, 0.023324384652505255, 0.02489291747103778, 0.031883445945939934, 0.0808077189912975, 0.11289854307430304, 0.29652622767851555, abertos
0.103521280767355, 0.06330688947875254, 0.04090062439671044, 0.032060659990341446, 0.03009622345559278, 0.044659824444972275, 0.05792259893821302, 0.04630753800674803, 0.03049778293918344, 0.03426075349902829, 0.04416400217180635, 0.06246983590732413, 0.12155752292468751, 0.2882744630790962, abertos
0.0918326948600213, 0.05544725808396638, 0.041354971042463246, 0.03923971404439415, 0.044601381515435606, 0.062217211631262405, 0.08006492820944436, 0.05920645813222822, 0.03979774975867976, 0.03923405827701963, 0.04661671995655492, 0.05672923202219008, 0.09969986727797348, 0.24395775518817794, abertos
0.08705357142855502, 0.056880052485510514, 0.03927553390443275, 0.03515436474420187, 0.039884471525089005, 0.0571515293194873, 0.07180562258685905, 0.06234540902508477, 0.04262563344593791, 0.04115513392856367, 0.047123853764469883, 0.05448766288609012, 0.11041000542951586, 0.25464715552601375, abertos
0.07107979910712946, 0.04757254464284817, 0.03746568834458753, 0.037352572997097204, 0.048047629102307546, 0.07802131093145247, 0.1037286589044206, 0.08121304898647118, 0.04963312922296362, 0.04297252051157491, 0.04153595559844777, 0.048153203426631846, 0.10743318653472878, 0.2057907516891504, abertos
0.09389139418434524, 0.07649236848454156, 0.03051475024130699, 0.02357323841698397, 0.02203675494690704, 0.046812786558871486, 0.0756722822152367, 0.04978960545365857, 0.02118273407335508, 0.024267012548257975, 0.03299386160713664, 0.07289341517855769, 0.11013287282816457, 0.319746923262488, abertos
0.10735589104727705, 0.06685682613415728, 0.039822258083969324, 0.030676882239376455, 0.028991463561770597, 0.039273648648641246, 0.06024334881755621, 0.04082709942084172, 0.02731170065153925, 0.03078245656370076, 0.04285563465250157, 0.06635911860519984, 0.11986833373549864, 0.2987753378377815, abertos
0.08405601472006137, 0.05671037946427502, 0.03904176218628608, 0.03723945764960688, 0.04234095982142059, 0.06419673021234311, 0.08328871561291866, 0.06386869570462117, 0.03917561534748296, 0.036803963561769126, 0.04111742881273356, 0.054037086751920316, 0.10302545849418906, 0.25509773166018357, abertos
0.09597837234554175, 0.061323600386088827, 0.04020307975385343, 0.03274123733107491, 0.03244713742760006, 0.049976245777017606, 0.06884577099419552, 0.05467430320944915, 0.032465989985515115, 0.03535797236968445, 0.04499917048744325, 0.06045072695462181, 0.11119050132719911, 0.2793458916505265, abertos
0.11189181648163914, 0.06776174891407989, 0.041537840854239276, 0.031246229488411097, 0.027515308277021838, 0.031006802002889907, 0.03713576858107408, 0.03425509773165377, 0.027328667953662802, 0.03355566783300526, 0.04693344292952783, 0.06438148527991064, 0.13271635195460818, 0.31273377171808775, abertos
0.1117409960183187, 0.07254087234554617, 0.03739970439188484, 0.025170050072389077, 0.020703879102312698, 0.025986365830110932, 0.03229443170848812, 0.030544914333971076, 0.022068804295362635, 0.03182123250482025, 0.04587015866311876, 0.07180939309844206, 0.14871840311290632, 0.3233307945221398, abertos
0.11167878257719903, 0.0727614472731523, 0.037041505791498806, 0.024975868725864016, 0.020703879102312698, 0.025432100627408333, 0.031363115347484434, 0.030597701496133226, 0.02231765805984135, 0.032345333614858765, 0.04589843749999135, 0.072655872948828, 0.1507921844835623, 0.32143611245167686, abertos
0.11372428511098243, 0.07041241855693653, 0.0379407728040469, 0.028037524131268844, 0.02442537403474443, 0.032712958494202325, 0.04288579874516566, 0.037576918436286355, 0.02514742700289101, 0.02980023829632643, 0.04200161377894961, 0.06905880489863563, 0.12256990528472593, 0.3237059604246494, abertos
0.0734495656370518, 0.047832709942075925, 0.033312469835901054, 0.022640036800188782, 0.022357248431462966, 0.03104262186292851, 0.0404707860762472, 0.05119600627412162, 0.033242715371615356, 0.05560561957045284, 0.05328298443531814, 0.05969850989381114, 0.25506379705593646, 0.2208049288126997, abertos
0.09174974360519506, 0.05842784749033648, 0.03945651846041727, 0.03493378981659573, 0.03810101954632486, 0.05382028233589719, 0.0675562560328058, 0.05601094956562651, 0.037627820342657, 0.036820930863892674, 0.04223915600867929, 0.053763724662152027, 0.12503204934843204, 0.26445991192079954, abertos
0.0858997948841537, 0.06947733168434983, 0.032286890685322096, 0.028516379102311227, 0.030842784749028934, 0.0559732444497964, 0.08615618967179843, 0.05968908361485361, 0.030199912524125582, 0.030725898889955597, 0.03415894968628699, 0.0682160955598327, 0.10079520089283814, 0.28706224360515825, abertos
0.08507970861484883, 0.05630316421330985, 0.03970725748068749, 0.036085681105205554, 0.03921332046331307, 0.059758838079139315, 0.07984058277025521, 0.06765051882238107, 0.042655797538602, 0.04138890564671034, 0.04644704693531943, 0.05362233047778912, 0.10249381636098454, 0.24975303149126565, abertos
0.09933789816600444, 0.06494140624998776, 0.04015406310327428, 0.027292848093624197, 0.02439332468628884, 0.029008430863894145, 0.03410239201254183, 0.03808028173261831, 0.028763347610998437, 0.039846766409258896, 0.05324716457527954, 0.06711510617759353, 0.1636571700047954, 0.29005980031365186, abertos
0.09271687982623734, 0.058923669763502405, 0.042301369449798974, 0.03686994751447181, 0.03758068894786936, 0.051231826134160226, 0.06564083614863628, 0.05831096163126314, 0.04117964225385324, 0.04300834037161352, 0.048782878860994666, 0.05505323962354174, 0.10349488718627392, 0.26490483228759487, abertos
0.0965156702461208, 0.08459896838801494, 0.029685237693044597, 0.022875693774126963, 0.02369012427605731, 0.04087988658300388, 0.08315109194013877, 0.04403203426640097, 0.022730529078181044, 0.02465348998551659, 0.031127458373546257, 0.08111124517372988, 0.11400518822391673, 0.30094338199801274, abertos
0.0988024855212169, 0.06496025880790281, 0.03652871621620933, 0.029521220439183624, 0.03073721042470463, 0.04548179597006865, 0.07162275277508302, 0.0498009169884076, 0.032119102919878115, 0.03403829331563065, 0.043383506274123095, 0.061466879826243236, 0.11669167772681198, 0.28484518279434784, abertos
0.10864729126445828, 0.06799363537643506, 0.039475371018332324, 0.030433684242272253, 0.028203426640921323, 0.03499977376929842, 0.04521408964767487, 0.039273648648641246, 0.029144169280882537, 0.033659356901538054, 0.04519335183396831, 0.06597641167952424, 0.11928578969592346, 0.3124999999999411, abertos
0.10292176942565627, 0.06594059181948564, 0.038566677726826704, 0.028631379705593058, 0.026712189309840526, 0.04156800494690336, 0.060720318532807085, 0.04591917531369791, 0.030013272200766543, 0.03410804777991635, 0.04322891529921965, 0.06482452039091442, 0.12617074384650132, 0.29067439370168263, abertos
0.1060512940395553, 0.06848945764960099, 0.03818962656852562, 0.028744495053083383, 0.02674235340250461, 0.04104767434844786, 0.05779063103280764, 0.04673172055983675, 0.02941941662644233, 0.0332238628137003, 0.044395888634161516, 0.06508468569014217, 0.1149628981660015, 0.2991259954150015, abertos
0.1006764297779733, 0.06414959881755547, 0.04240882902991479, 0.03419099903474259, 0.031080326978758618, 0.04156234917952884, 0.05129403957527991, 0.04703147623068611, 0.03306738658300535, 0.03844036558879584, 0.04898648648647725, 0.0612802395028842, 0.11619208494206304, 0.2896393882721462, abertos
0.10127405586388052, 0.0635689400337718, 0.0391190576737378, 0.03320312499999374, 0.03313525579149954, 0.04419039575288742, 0.05818087898164926, 0.04676376990829234, 0.03272804054053437, 0.035229774975862084, 0.04360596645752074, 0.0607957287644673, 0.11973825108588476, 0.2884667591698298, abertos
0.0947454150578972, 0.05948736124516253, 0.03684543918918224, 0.03227934966215608, 0.03618182915057233, 0.0536506093146617, 0.07628310509168446, 0.05755497405886946, 0.03708109616312042, 0.03577649915539866, 0.041060871138988396, 0.057089315878367616, 0.10809679657333869, 0.2738673383204117, abertos
0.09344835907334145, 0.060972942808868814, 0.038155691964278524, 0.03407599843146076, 0.03740724541505086, 0.05148633566601346, 0.07665827099419405, 0.052939867881264153, 0.03593109013030211, 0.03519395511582348, 0.04202423684844767, 0.058603176278946484, 0.1088622104246899, 0.27424061896712976, abertos
0.08996063585905639, 0.05799800916987324, 0.04132669220559067, 0.03581986003860328, 0.038659055260610475, 0.05598078547296242, 0.0691172478281723, 0.06223606418917746, 0.039946684966208686, 0.04070078728281086, 0.046352784145744154, 0.058299650096514104, 0.10828909266407225, 0.2553126508204152, abertos
0.09403655888029115, 0.05873514418435186, 0.038413972007714764, 0.031101064792465178, 0.03377624276061139, 0.05699882360037536, 0.07666015624998555, 0.062352950048250796, 0.0344719021476769, 0.03529764418435628, 0.04232964828667156, 0.0578471887065528, 0.11707249939669608, 0.2609062047538118, abertos
0.09846313947874591, 0.06348787403473706, 0.03966201134169137, 0.027492685207523775, 0.02473455598455132, 0.032433940637059525, 0.04185079331562917, 0.04037840854246343, 0.02922900579150028, 0.04069701677122785, 0.051810599662152394, 0.06564272140442778, 0.15666475627410173, 0.2874524915539999, abertos
0.09423639599419073, 0.05826948600385002, 0.04084783723454828, 0.03508649553570767, 0.03737896657817828, 0.055424635014468315, 0.07302349782817157, 0.05766054838319376, 0.03667765142373826, 0.0358594504102249, 0.04469375904921937, 0.057521039454622364, 0.10645850929052048, 0.2668617277991775, abertos
0.0971736245173562, 0.06222475265442842, 0.037556180622579795, 0.03126131153474314, 0.03255459700771587, 0.04950116131755824, 0.0618684393098339, 0.05403897200771182, 0.035171332046325415, 0.03607059905887351, 0.043977361848447305, 0.05979654319496942, 0.11771725687739093, 0.2810878680018775, abertos
0.100223968388012, 0.06620075711871339, 0.03813872466215497, 0.031001146235515392, 0.030367700289569564, 0.045300811414084124, 0.06327106961871394, 0.04714270632238494, 0.030165977919878482, 0.033385994811769765, 0.042783994932424366, 0.06390263030886827, 0.11247624577700582, 0.2956382722007165, abertos
0.11088131937739222, 0.06497157034265184, 0.038623235400571866, 0.02918753016408716, 0.027198585304048926, 0.041558578667945836, 0.055797915661186394, 0.04682598334941202, 0.02891982384169339, 0.03183819980694381, 0.04372662282817708, 0.06302033059844371, 0.11922923202217829, 0.2982210726350789, abertos
0.09401205055500159, 0.05923096645751779, 0.03939241976350609, 0.035197725627406494, 0.03758445945945237, 0.0512563344594498, 0.06318057734072167, 0.05559619329149531, 0.03896069618725134, 0.03956209278474158, 0.046718523769296215, 0.05721751327218998, 0.11342452944013305, 0.2686659175916482, abertos
0.08205010255789959, 0.059994495053077496, 0.03398173564188549, 0.03071647261099807, 0.035806663248062746, 0.06473025760133914, 0.10231094654920851, 0.07059905888029556, 0.03784651001447163, 0.03480747767856487, 0.03849315275095799, 0.05780571307913968, 0.09548066481658432, 0.25537674951732636, abertos
0.08340937198357501, 0.051752156732615726, 0.03651551942566879, 0.0316968056225809, 0.03361411076254193, 0.05268535834941092, 0.06902487029438853, 0.058299650096514104, 0.03642879765925954, 0.03734314671813968, 0.04041045789091902, 0.05224986426157316, 0.17640338441116366, 0.2401665057914605, abertos
0.09857625482623625, 0.06237180260616585, 0.040781853281845595, 0.03578781069014769, 0.035601170366788656, 0.046997541626439016, 0.06576526303087563, 0.04800238296331141, 0.03397607987451097, 0.03577272864381565, 0.04387367277991451, 0.06080326978763333, 0.10976713320461251, 0.2819230363175144, abertos
0.10561014418434303, 0.06379894124033546, 0.041360626809837764, 0.03225672659265801, 0.030473274613893868, 0.038649628981652945, 0.050528625723928695, 0.04260866614381436, 0.03165910050675079, 0.035953713199800175, 0.0472690184604158, 0.061055894063695056, 0.12338056527507327, 0.2953950742036123, abertos
0.1078894184362731, 0.06655518520751641, 0.038711842422772626, 0.029690893460419112, 0.02908572635134587, 0.038223561172772716, 0.05055313404921827, 0.04198276122103456, 0.030192371500959558, 0.034157064430495494, 0.046135979729721034, 0.06384041686774858, 0.12500188525576794, 0.29797975989376624, abertos
0.09433819980693202, 0.06011515142373384, 0.039752503619683625, 0.03224730031370048, 0.03286754946910577, 0.05155609013029916, 0.07400571609554589, 0.05484774674226765, 0.03358583192566934, 0.03793323178088088, 0.04564392796813811, 0.06123876387547108, 0.11830922719592364, 0.26355875965245995, abertos
0.0997790480212167, 0.0637763181708374, 0.03900971283783048, 0.029317612813701037, 0.028610641891886498, 0.04536868062257832, 0.06498288187740088, 0.050707725024121714, 0.030000075410226004, 0.03471887065636411, 0.04235604186775263, 0.06197778414574121, 0.12316187560325863, 0.28623273105689584, abertos
0.09093719835905621, 0.06227376930500757, 0.03726019546331344, 0.029496712113894052, 0.030746636703662157, 0.05691775760134062, 0.08805841276542742, 0.06178548805500766, 0.03112934362933776, 0.03397042410713645, 0.040666852678563764, 0.061913685448830025, 0.11035910352314522, 0.26448442024608915, abertos
0.10682613416986403, 0.0641948449565516, 0.03970725748068749, 0.030752292471036672, 0.028086540781847986, 0.04092136221041699, 0.054231268098445376, 0.04661671995655492, 0.0295476140202647, 0.0336725536920786, 0.04387932854728902, 0.06269418134651328, 0.12815780345074804, 0.29071209881751275, abertos
0.1157264267615612, 0.0698468418194849, 0.037835198479722595, 0.026947846283778703, 0.023927666505786996, 0.03279968026061158, 0.04978960545365857, 0.03545789092663424, 0.025422674348450806, 0.0299284356901488, 0.04256530526060973, 0.06759584640442741, 0.13020519124032295, 0.311951390564613, abertos
0.10821179717662052, 0.06519026001446647, 0.039709142736479, 0.030767374517368717, 0.02907630007238834, 0.04124751146234744, 0.05667455960423642, 0.04449957770269431, 0.029624909507716422, 0.03287886100385481, 0.04446752835423872, 0.06414017253859795, 0.11728553330113618, 0.29622647200766616, abertos
0.08376002956079502, 0.05571684966215166, 0.03981660231659481, 0.03729790057914355, 0.04175087475867939, 0.06347656249998804, 0.0794522200772051, 0.06652879162643534, 0.04080636160713516, 0.0392604518581007, 0.04481064490829271, 0.05352241192083933, 0.10327431225866779, 0.2505259863657829, abertos
0.08230461208975283, 0.05330937801639921, 0.046382948238408245, 0.042574731539567263, 0.045853191360995214, 0.06256975446427392, 0.07977271356176102, 0.06123876387547108, 0.04472580839767497, 0.04347965431948987, 0.04773656189670915, 0.05489110762547228, 0.10600416264476765, 0.22915661196906878, abertos
0.1051539122827987, 0.06712264720075954, 0.03833856177605455, 0.029000889840728124, 0.028135557432427127, 0.04188849843145928, 0.06312590492276803, 0.044780480815628625, 0.02863515021717607, 0.03196828245655768, 0.04259735460906533, 0.06463222430018087, 0.11841668677603945, 0.2962038489381681, abertos
0.09683427847488522, 0.06469820825288355, 0.03763347611003152, 0.030069829874511705, 0.028995234073353606, 0.0484133687258596, 0.06046203848937084, 0.054252005912151936, 0.029809664575283955, 0.03508461027991617, 0.04448261040057076, 0.06325221706079888, 0.11821496440634836, 0.28779749336384536, abertos
0.11842611305499698, 0.06791822514477484, 0.03943955115829372, 0.027749079995168513, 0.02431791445462862, 0.032230333011576934, 0.03865339949323596, 0.03508649553570767, 0.025213410955593703, 0.030392208614859136, 0.04424695342663258, 0.06611780586388714, 0.1309234736968865, 0.31928503559356913, abertos
0.10846442145268226, 0.06808789816601032, 0.039269878137058234, 0.02878220016891349, 0.02582988959941598, 0.037518475506749686, 0.05841088018821292, 0.04110423202219302, 0.026640549589763318, 0.031519591578179386, 0.044265805984547636, 0.06630256093145469, 0.12085243725866447, 0.30295117941596605, abertos
0.08641824022681768, 0.05669906792952599, 0.03567846585424038, 0.02361094353281408, 0.022065033783779622, 0.0294439249517319, 0.03883815456080349, 0.044801218629335185, 0.029479744811770504, 0.04956903052605243, 0.051352482504816575, 0.06548247466214982, 0.21305652750961235, 0.2535046905163615, abertos
0.10254283301156368, 0.06278090311292253, 0.03916807432431694, 0.03268845016891276, 0.03382714466698204, 0.042825470559837486, 0.05180117338319487, 0.045227286438215414, 0.03330869932431804, 0.03506952823358412, 0.044821956443041745, 0.059491131756745544, 0.12911928390441582, 0.28732806467176053, abertos
0.10519350265442032, 0.06357836631272933, 0.04176784206080294, 0.03300894365346868, 0.03196262668918316, 0.04445810207528119, 0.05624472128377318, 0.04485212053570583, 0.03057130791505215, 0.03355001206563074, 0.0439396567326172, 0.06212106358589563, 0.11890496802603936, 0.28984676640921175, abertos
0.10452235159264439, 0.06352369389477566, 0.04215431949806155, 0.033148452582040085, 0.03140836148648057, 0.043762442688215684, 0.0560429989140821, 0.0456043375965165, 0.030028354247098585, 0.03174393701736853, 0.04360219594593773, 0.06296754343628157, 0.12141801399611611, 0.29007299710419243, abertos
0.12052440275094253, 0.07176603221523743, 0.03931323902026286, 0.02720989683879796, 0.021486260255787454, 0.027756621018334534, 0.03375173443532182, 0.030460077823353332, 0.02158806406852875, 0.029210153233585227, 0.04518392555501079, 0.06936798684844252, 0.1361908783783527, 0.32619072755785355, abertos
0.11150722430017203, 0.06598583795848177, 0.0387043013996066, 0.028171377292465733, 0.02701194498068989, 0.04088554235037839, 0.05379388875481611, 0.04633770209941211, 0.027409733952697534, 0.031214180139955507, 0.04252194437740511, 0.06441730513994924, 0.11887291867758376, 0.3031660985761977, abertos
0.11600732987449551, 0.06868552425191755, 0.03904741795366059, 0.029611712717175883, 0.026105136944975772, 0.03141401725385508, 0.04152275880790723, 0.035917893339761565, 0.029574007601345775, 0.0352014961389895, 0.04730672357624591, 0.06458697816118474, 0.12628008868240861, 0.30873891469588777, abertos
0.1087604066119486, 0.06569550856658993, 0.039752503619683625, 0.032213365709453386, 0.030273437499994293, 0.03701322695462623, 0.045412041505782944, 0.03904176218628608, 0.02983605815636503, 0.03434936052122905, 0.04499917048744325, 0.06451722369689904, 0.12660812319013057, 0.30152781129337947, abertos
0.0962743575048081, 0.08177296995654829, 0.033001402630302656, 0.02594489020269781, 0.025633822997099414, 0.03765232866794657, 0.06855167109072066, 0.04180366192084154, 0.02641243363899116, 0.02977007420366234, 0.036984948117753644, 0.08202182372102701, 0.12601049710422335, 0.2881651182431889, abertos
